SM:2023-11-02T11:08:29.3429747Z
LM:2023-11-08T12:53:46.5092262Z
CT:image/jpeg
MA:2592000
CL:900946
