SM:2023-11-02T11:08:29.3479751Z
LM:2023-11-02T11:11:28.7325227Z
CT:image/jpeg
MA:2592000
CL:412650
