SM:2023-11-02T11:08:29.3509728Z
LM:2023-11-02T11:34:56.2893531Z
CT:image/jpeg
MA:2592000
CL:1043766
