SM:2023-11-02T11:08:29.3429747Z
LM:2023-11-08T09:52:50.4720758Z
CT:image/jpeg
MA:2592000
CL:56859
