SM:2023-11-02T11:08:29.3509728Z
LM:2023-11-08T09:52:50.4720715Z
CT:image/jpeg
MA:2592000
CL:40636
