SM:2023-11-02T11:08:29.3479751Z
LM:2023-11-08T09:52:50.4720652Z
CT:image/jpeg
MA:2592000
CL:19609
