SM:2023-11-02T11:08:29.3429747Z
LM:2023-11-02T11:11:48.5025409Z
CT:image/jpeg
MA:2592000
CL:900946
